SYNTHETIC test fixture for SnowRaven, not eBird data (every figure below is invented). Frequency of observations in the selected location(s).:
Number of taxa: 	10

	Jan				Feb				Mar				Apr				May				Jun				Jul				Aug				Sep				Oct				Nov				Dec			
Sample Size:	10.0	0.0	20.0	30.0	0.0	0.0	0.0	0.0	5.0	15.0	0.0	40.0	50.0	60.0	70.0	80.0	100.0	90.0	80.0	70.0	20.0	20.0	20.0	20.0	3.0	0.0	7.0	10.0	40.0	40.0	40.0	40.0	12.0	25.0	50.0	13.0	60.0	45.0	30.0	15.0	8.0	16.0	24.0	32.0	4.0	0.0	6.0	2.0	

Lincoln's Sparrow (<em class="sci">Melospiza lincolnii</em>)	0.3	0.0	0.01	0.01	0.0	0.0	0.0	0.0	0.4	0.3	0.0	0.01	0.01	0.01	0.01	0.01	0.01	0.01	0.01	0.01	0.01	0.01	0.01	0.01	0.3	0.0	0.4	0.3	0.01	0.01	0.01	0.01	0.4	0.01	0.01	0.4	0.01	0.01	0.01	0.3	0.35	0.4	0.01	0.01	0.4	0.0	0.35	0.4	

Dark-eyed Junco	0.2712	0.0	0.018	0.17	0.0	0.0	0.0	0.0	0.034	0.202	0.0	0.016	0.272	0.3872	0.0224	0.126	0.0604	0.3436	0.1564	0.0812	0.3132	0.0588	0.2652	0.2508	0.166	0.0	0.07	0.1708	0.1468	0.302	0.0904	0.0712	0.2952	0.2356	0.0176	0.1436	0.1644	0.2652	0.0012	0.2536	0.3252	0.3236	0.2356	0.2756	0.1044	0.0	0.12	0.008	

Dark-eyed Junco (Oregon)	0.2031	0.0	0.2658	0.0906	0.0	0.0	0.0	0.0	0.045	0.0282	0.0	0.2682	0.2739	0.1263	0.2883	0.1776	0.081	0.1776	0.1176	0.1608	0.0969	0.1821	0.2682	0.0906	0.1098	0.0	0.2655	0.1899	0.2247	0.2403	0.2631	0.0771	0.0591	0.1092	0.006	0.2532	0.2508	0.2436	0.2676	0.294	0.0828	0.1116	0.198	0.2757	0.1473	0.0	0.1449	0.0102	

Bushtit	0.1415	0.0	0.363	0.291	0.0	0.0	0.0	0.0	0.387	0.0565	0.0	0.358	0.306	0.154	0.258	0.314	0.1755	0.1415	0.4555	0.0135	0.3835	0.0055	0.4035	0.2175	0.0595	0.0	0.007	0.071	0.459	0.127	0.011	0.139	0.059	0.2485	0.086	0.294	0.022	0.074	0.0475	0.239	0.359	0.311	0.0325	0.3185	0.0325	0.0	0.014	0.27	

sparrow sp.	0.0141	0.0	0.04095	0.02595	0.0	0.0	0.0	0.0	0.02255	0.0117	0.0	0.0433	0.02585	0.03005	0.02185	0.0274	0.0154	0.0306	0.0242	0.0446	0.0486	0.0042	0.0086	0.0226	0.0222	0.0	0.011	0.03155	0.01175	0.01595	0.04535	0.02995	0.0071	0.0207	0.04565	0.04345	0.03125	0.00585	0.01645	0.00345	0.03725	0.0136	0.0304	0.0252	0.044	0.0	0.0016	0.032	

Western/Eastern Wood-Pewee	0.01776	0.0	0.00836	0.00756	0.0	0.0	0.0	0.0	0.00794	0.00728	0.0	0.0092	0.0028	0.00104	0.00536	0.00302	0.01686	0.01028	0.01268	0.00788	0.00836	0.01748	0.017	0.01092	0.01444	0.0	0.01572	0.01268	0.0026	0.00708	0.01626	0.0157	0.01178	0.01234	0.01722	0.00658	0.00202	0.01474	0.00202	0.00984	0.01144	0.01128	0.01582	0.00134	0.00798	0.0	0.01518	0.00806	

Mallard x American Black Duck (hybrid)	0.00887	0.0	0.00752	0.00736	0.0	0.0	0.0	0.0	0.00132	0.0014	0.0	0.00604	0.00652	0.00508	0.00695	0.00971	0.00879	0.00227	0.00671	0.00894	0.00046	0.00902	0.00782	0.00982	0.00662	0.0	0.00777	0.00045	0.00596	0.00436	0.00444	0.00503	0.00171	0.00911	0.00667	0.00818	0.0029	0.00541	0.00257	0.00208	0.00758	0.00548	0.00444	0.00708	0.00316	0.0	0.00708	0.00124	

Thayer's Gull	0.01479	0.0	9.132E-4	0.02781	0.0	0.0	0.0	0.0	0.01572	0.00588	0.0	0.00297	0.00648	0.00792	0.00648	0.00225	0.01125	0.00978	0.02466	0.01779	0.00015	0.00939	0.02016	0.02856	0.00072	0.0	0.01905	0.02925	0.01113	0.02325	0.01905	0.01725	0.02625	0.01149	0.01521	0.01134	0.00966	0.0243	0.01566	0.00294	0.01806	0.0183	0.00855	0.01923	0.02823	0.0	0.02823	0.01179	

Broken Row	0.1	0.2	

Wrentit	0.1	0.0	0.1	0.1					0.1	0.1	0.0	0.1	0.1	0.1	0.1	0.1	0.1	0.1	0.1	0.1	0.1	0.1	0.1	0.1	0.1	0.0	0.1	0.1	0.1	0.1	0.1	0.1	0.25	0.25	0.25	0.25	0.1	0.1	0.1	0.1	0.1	0.1	0.1	0.1	0.1	0.0	0.1	0.1	

